function [ output ] = initSatellites( )
%INITSATELLITES Summary of this function goes here
%   Detailed explanation goes here
   
x0_1  = 0.150998066406 * 10^8;
y0_1  = 0.137679116211 * 10^8;
z0_1  = -0.152755117188 * 10^8;
Vx0_1 = -1.91181468964 * 10^3;
Vy0_1 = -0.852556228638 * 10^3;
Vz0_1 = -2.65649414062 * 10^3; 
a1 = [0 -0.186264514923 * 10^(-5) 0.279396772385 * 10^(-5)];
sat2 = [x0_1; y0_1; z0_1; Vx0_1; Vy0_1; Vz0_1; a1.'];

x0_1  = 0.238459272461 * 10^8;
y0_1  = 0.903374658203 * 10^7;
z0_1  = 0.437867675781 * 10^6;
Vx0_1 = 0.113206863403 * 10^3;
Vy0_1 = -0.140316963196 * 10^3;
Vz0_1 = -3.57493209839 * 10^3; 
a1 = [0.279396772385 * 10^(-5) -0.372529029846 * 10^(-5) 0.931322574616 * 10^(-6)];
sat3 = [x0_1; y0_1; z0_1; Vx0_1; Vy0_1; Vz0_1; a1.'];

x0_1  = -0.145541240234 * 10^8;
y0_1  = -0.137752983398 * 10^8;
z0_1  = 0.157856728516 * 10^8;
Vx0_1 = 1.97522735596 * 10^3;
Vy0_1 = 0.889124870300 * 10^3;
Vz0_1 = 2.59135913849 * 10^3; 
a1 = [0.931322574616 * 10^(-6) 0.186264514923 * 10^(-5) -0.279396772385 * 10^(-6)];
sat6 = [x0_1; y0_1; z0_1; Vx0_1; Vy0_1; Vz0_1; a1.'];

x0_1  = -0.150735913086 * 10^8;
y0_1  = 0.329330566406 * 10^6;
z0_1  = -0.205735234375 * 10^8;
Vx0_1 = 2.26305198669 * 10^3;
Vy0_1 = -1.68379211426 * 10^3;
Vz0_1 = -1.69374465942 * 10^3; 
a1 = [-0.465661287308 * 10^(-5) 0.279396772385 * 10^(-5) 0.931322574616 * 10^(-6)];
sat10 = [x0_1; y0_1; z0_1; Vx0_1; Vy0_1; Vz0_1; a1.'];
    
x0_2  = 0.135551074219 * 10^7;
y0_2  = 0.120502104492 * 10^8;
z0_2  = 0.224186938477 * 10^8;
Vx0_2 = -2.35974693298 * 10^3;
Vy0_2 = 1.97840309143 * 10^3;
Vz0_2 = -0.920169830322 * 10^3; 
a2 = [0 -0.186264514923 * 10^(-5) -0.279396772385 * 10^(-5)];
sat13 = [x0_2; y0_2; z0_2; Vx0_2; Vy0_2; Vz0_2; a2.'];
    
x0_3  = -0.138968906250 * 10^8;
y0_3  = 0.177698740234 * 10^8;
z0_3  = 0.117146967773 * 10^8;
Vx0_3 = -1.17761611939 * 10^3;
Vy0_3 = 1.11855125427 * 10^3;
Vz0_3 = -3.09957504273 * 10^3; 
a3 = [-0.465661287308 * 10^(-5) 0 -0.279396772385 * 10^(-5)];
sat12 = [x0_3; y0_3; z0_3; Vx0_3; Vy0_3; Vz0_3; a3.'];

x0_3  = 0.152111464844 * 10^8;
y0_3  = -0.503679687500 * 10^6;
z0_3  = 0.204705444336 * 10^8;
Vx0_3 = -2.25972270966 * 10^3;
Vy0_3 = 1.67527580261 * 10^3;
Vz0_3 = 1.71170711517 * 10^3; 
a3 = [0.465661287308 * 10^(-5) -0.186264514923 * 10^(-5) -0.931322574616 * 10^(-6)];
sat14 = [x0_3; y0_3; z0_3; Vx0_3; Vy0_3; Vz0_3; a3.'];
   
x0_4  = 0.206300209961 * 10^8;
y0_4  = -0.143377407227 * 10^8;
z0_4  = 0.407804931641 * 10^7;
Vx0_4 = -0.581740379333 * 10^3;
Vy0_4 = 0.172234535217 * 10^3;
Vz0_4 = 3.55952644348 * 10^3;
a4 = [0.558793544769 * 10^(-5) -0.931322574616 * 10^(-6) 0.931322574616 * 10^(-5)];
sat15 = [x0_4; y0_4; z0_4; Vx0_4; Vy0_4; Vz0_4; a4.'];

x0_4  = 0.225648144531 * 10^7;
y0_4  = -0.226752988281 * 10^8;
z0_4  = -0.114592080078 * 10^8;
Vx0_4 = 0.0606756210327 * 10^3;
Vy0_4 = 1.57749557495 * 10^3;
Vz0_4 = -3.10737705231 * 10^3;
a4 = [0.186264514923 * 10^(-5) 0.931322574616 * 10^(-6) 0.186264514923 * 10^(-5)];
sat19 = [x0_4; y0_4; z0_4; Vx0_4; Vy0_4; Vz0_4; a4.'];

x0_4  = 0.112033159180 * 10^8;
y0_4  = 0.109717929688 * 10^8;
z0_4  = -0.200963085938 * 10^8;
Vx0_4 = 0.493665695190 * 10^3;
Vy0_4 = 2.71577835083 * 10^3;
Vz0_4 = 1.75302886963 * 10^3; 
a4 = [0 -0.186264514923 * 10^(-5) 0.279396772385 * 10^(-5)];
sat17 = [x0_4; y0_4; z0_4; Vx0_4; Vy0_4; Vz0_4; a4.'];


output(:,:,1) = sat3;
output(:,:,2) = sat6;
output(:,:,3) = sat12;
output(:,:,4) = sat19;

end

